====== DEBUGGING '操作中心' (BONE 0) at FRAME 0 ======
DEBUG: Is in bone_name_map? Yes
DEBUG: Name in map: '操作中心', Name from Exp: '操作中心'
DEBUG: Map name matches Exp name? Yes
DEBUG: Is IK effector (ik_frame_bone_map)? No
DEBUG: Is physics bone (physics_bone_map)? No
DEBUG: Is IK bone (ik_bone_map)? No
DEBUG: Is Fuyo bone (fuyo_bone_map)? No
DEBUG: Current export_mode: 2
FRAME:0,BONE:0,NAME:操作中心
INIT_POS:0.000,0.000,0.000
INIT_ROT:0.000,0.000,0.000,1.000
WORLD_MAT:1.000,0.000,0.000,0.000,0.000,1.000,0.000,0.000,0.000,0.000,1.000,0.000,0.000,0.000,0.000,1.000
PARENT_MAT:1.000,0.000,0.000,0.000,0.000,1.000,0.000,0.000,0.000,0.000,1.000,0.000,0.000,0.000,0.000,1.000
LOCAL_TRANS:0.000,0.000,0.000
VMD_POS_TEMP:0.000,0.000,0.000
VMD_POS:0.000,0.000,0.000
VMD_ROT:0.000,0.000,0.000,1.000
FINAL_POS:0.000,0.000,0.000
FINAL_ROT:0.000,0.000,0.000,1.000

====== DEBUGGING '全ての親' (BONE 1) at FRAME 0 ======
DEBUG: Is in bone_name_map? Yes
DEBUG: Name in map: '全ての親', Name from Exp: '全ての親'
DEBUG: Map name matches Exp name? Yes
DEBUG: Is IK effector (ik_frame_bone_map)? No
DEBUG: Is physics bone (physics_bone_map)? No
DEBUG: Is IK bone (ik_bone_map)? No
DEBUG: Is Fuyo bone (fuyo_bone_map)? No
DEBUG: Current export_mode: 2
FRAME:0,BONE:1,NAME:全ての親
INIT_POS:0.000,0.000,0.000
INIT_ROT:0.000,0.000,0.000,1.000
WORLD_MAT:1.000,0.000,0.000,0.000,0.000,1.000,0.000,0.000,0.000,0.000,1.000,0.000,0.000,0.000,0.000,1.000
PARENT_MAT:1.000,0.000,0.000,0.000,0.000,1.000,0.000,0.000,0.000,0.000,1.000,0.000,0.000,0.000,0.000,1.000
LOCAL_TRANS:0.000,0.000,0.000
VMD_POS_TEMP:0.000,0.000,0.000
VMD_POS:0.000,0.000,0.000
VMD_ROT:0.000,0.000,0.000,1.000
FINAL_POS:0.000,0.000,0.000
FINAL_ROT:0.000,0.000,0.000,1.000

====== DEBUGGING 'センター' (BONE 2) at FRAME 0 ======
DEBUG: Is in bone_name_map? Yes
DEBUG: Name in map: 'センター', Name from Exp: 'センター'
DEBUG: Map name matches Exp name? Yes
DEBUG: Is IK effector (ik_frame_bone_map)? No
DEBUG: Is physics bone (physics_bone_map)? No
DEBUG: Is IK bone (ik_bone_map)? No
DEBUG: Is Fuyo bone (fuyo_bone_map)? No
DEBUG: Current export_mode: 2
FRAME:0,BONE:2,NAME:センター
INIT_POS:0.000,9.500,0.000
INIT_ROT:0.000,0.119,0.000,0.993
WORLD_MAT:0.972,0.000,-0.236,0.000,0.000,1.000,0.000,0.000,0.236,0.000,0.972,0.000,-0.269,9.315,0.927,1.000
PARENT_MAT:1.000,0.000,0.000,0.000,0.000,1.000,0.000,0.000,0.000,0.000,1.000,0.000,0.000,0.000,0.000,1.000
LOCAL_TRANS:-0.269,9.315,0.927
VMD_POS_TEMP:-0.269,-0.185,0.927
VMD_POS:-0.269,-0.185,0.927
VMD_ROT:0.000,0.119,0.000,0.993
FINAL_POS:-0.269,-0.185,0.927
FINAL_ROT:0.000,0.119,0.000,0.993

====== DEBUGGING 'グルーブ' (BONE 3) at FRAME 0 ======
DEBUG: Is in bone_name_map? Yes
DEBUG: Name in map: 'グルーブ', Name from Exp: 'グルーブ'
DEBUG: Map name matches Exp name? Yes
DEBUG: Is IK effector (ik_frame_bone_map)? No
DEBUG: Is physics bone (physics_bone_map)? No
DEBUG: Is IK bone (ik_bone_map)? No
DEBUG: Is Fuyo bone (fuyo_bone_map)? No
DEBUG: Current export_mode: 2
FRAME:0,BONE:3,NAME:グルーブ
INIT_POS:0.000,9.700,0.000
INIT_ROT:0.000,0.119,0.000,0.993
WORLD_MAT:0.972,0.000,-0.236,0.000,0.000,1.000,0.000,0.000,0.236,0.000,0.972,0.000,-0.269,9.515,0.927,1.000
PARENT_MAT:0.972,0.000,-0.236,0.000,0.000,1.000,0.000,0.000,0.236,0.000,0.972,0.000,-0.269,9.315,0.927,1.000
LOCAL_TRANS:0.000,0.200,0.000
VMD_POS_TEMP:0.000,-9.500,0.000
VMD_POS:0.000,0.000,0.000
VMD_ROT:0.000,0.000,0.000,1.000
FINAL_POS:0.000,0.000,0.000
FINAL_ROT:0.000,0.000,0.000,1.000

====== DEBUGGING '腰' (BONE 4) at FRAME 0 ======
DEBUG: Is in bone_name_map? Yes
DEBUG: Name in map: '腰', Name from Exp: '腰'
DEBUG: Map name matches Exp name? Yes
DEBUG: Is IK effector (ik_frame_bone_map)? No
DEBUG: Is physics bone (physics_bone_map)? No
DEBUG: Is IK bone (ik_bone_map)? No
DEBUG: Is Fuyo bone (fuyo_bone_map)? No
DEBUG: Current export_mode: 2
====== DEBUGGING '下半身' (BONE 5) at FRAME 0 ======
DEBUG: Is in bone_name_map? Yes
DEBUG: Name in map: '下半身', Name from Exp: '下半身'
DEBUG: Map name matches Exp name? Yes
DEBUG: Is IK effector (ik_frame_bone_map)? No
DEBUG: Is physics bone (physics_bone_map)? Yes, type 0
DEBUG: Is IK bone (ik_bone_map)? No
DEBUG: Is Fuyo bone (fuyo_bone_map)? No
DEBUG: Current export_mode: 2
FRAME:0,BONE:5,NAME:下半身
INIT_POS:0.000,12.171,-0.316
INIT_ROT:0.029,0.119,-0.009,0.992
WORLD_MAT:0.972,-0.012,-0.237,0.000,0.025,0.998,0.055,0.000,0.236,-0.060,0.970,0.000,-0.345,11.986,0.617,1.000
PARENT_MAT:0.972,0.000,-0.236,0.000,0.000,1.000,0.000,0.000,0.236,0.000,0.972,0.000,-0.212,11.209,1.164,1.000
LOCAL_TRANS:-0.001,0.777,-0.563
VMD_POS_TEMP:-0.001,-11.394,-0.247
VMD_POS:-0.001,0.000,-0.003
VMD_ROT:0.030,0.000,-0.006,1.000
FINAL_POS:-0.001,0.000,-0.003
FINAL_ROT:0.030,0.000,-0.006,1.000

====== DEBUGGING '上半身' (BONE 6) at FRAME 0 ======
DEBUG: Is in bone_name_map? Yes
DEBUG: Name in map: '上半身', Name from Exp: '上半身'
DEBUG: Map name matches Exp name? Yes
DEBUG: Is IK effector (ik_frame_bone_map)? No
DEBUG: Is physics bone (physics_bone_map)? No
DEBUG: Is IK bone (ik_bone_map)? No
DEBUG: Is Fuyo bone (fuyo_bone_map)? No
DEBUG: Current export_mode: 2
FRAME:0,BONE:6,NAME:上半身
INIT_POS:0.000,12.226,-0.333
INIT_ROT:0.030,0.162,-0.003,0.986
WORLD_MAT:0.947,0.004,-0.321,0.000,0.016,0.998,0.059,0.000,0.320,-0.061,0.945,0.000,-0.348,12.040,0.604,1.000
PARENT_MAT:0.972,0.000,-0.236,0.000,0.000,1.000,0.000,0.000,0.236,0.000,0.972,0.000,-0.212,11.209,1.164,1.000
LOCAL_TRANS:0.000,0.832,-0.576
VMD_POS_TEMP:-0.000,-11.394,-0.243
VMD_POS:-0.000,0.000,0.000
VMD_ROT:0.031,0.044,0.001,0.999
FINAL_POS:-0.000,0.000,0.000
FINAL_ROT:0.031,0.044,0.001,0.999

====== DEBUGGING '上半身2' (BONE 7) at FRAME 0 ======
DEBUG: Is in bone_name_map? Yes
DEBUG: Name in map: '上半身2', Name from Exp: '上半身2'
DEBUG: Map name matches Exp name? Yes
DEBUG: Is IK effector (ik_frame_bone_map)? No
DEBUG: Is physics bone (physics_bone_map)? Yes, type 0
DEBUG: Is IK bone (ik_bone_map)? No
DEBUG: Is Fuyo bone (fuyo_bone_map)? No
DEBUG: Current export_mode: 2
FRAME:0,BONE:7,NAME:上半身2
INIT_POS:0.000,13.236,-0.440
INIT_ROT:0.062,0.200,0.001,0.978
WORLD_MAT:0.920,0.026,-0.391,0.000,0.023,0.992,0.121,0.000,0.391,-0.120,0.912,0.000,-0.366,13.055,0.562,1.000
PARENT_MAT:0.947,0.004,-0.321,0.000,0.016,0.998,0.059,0.000,0.320,-0.061,0.945,0.000,-0.348,12.040,0.604,1.000
LOCAL_TRANS:-0.000,1.010,-0.107
VMD_POS_TEMP:-0.000,-12.226,0.333
VMD_POS:-0.000,-0.000,0.000
VMD_ROT:0.030,0.039,0.007,0.999
FINAL_POS:-0.000,-0.000,0.000
FINAL_ROT:0.030,0.039,0.007,0.999

====== DEBUGGING '首' (BONE 8) at FRAME 0 ======
DEBUG: Is in bone_name_map? Yes
DEBUG: Name in map: '首', Name from Exp: '首'
DEBUG: Map name matches Exp name? Yes
DEBUG: Is IK effector (ik_frame_bone_map)? No
DEBUG: Is physics bone (physics_bone_map)? No
DEBUG: Is IK bone (ik_bone_map)? No
DEBUG: Is Fuyo bone (fuyo_bone_map)? No
DEBUG: Current export_mode: 2
FRAME:0,BONE:8,NAME:首
INIT_POS:0.000,16.006,0.217
INIT_ROT:-0.020,0.159,0.009,0.987
WORLD_MAT:0.949,0.012,-0.315,0.000,-0.025,0.999,-0.036,0.000,0.314,0.042,0.948,0.000,-0.044,15.725,1.497,1.000
PARENT_MAT:0.920,0.026,-0.391,0.000,0.023,0.992,0.121,0.000,0.391,-0.120,0.912,0.000,-0.366,13.055,0.562,1.000
LOCAL_TRANS:-0.000,2.770,0.657
VMD_POS_TEMP:-0.000,-13.236,0.440
VMD_POS:-0.000,0.000,-0.000
VMD_ROT:-0.082,-0.041,-0.005,0.996
FINAL_POS:-0.000,0.000,-0.000
FINAL_ROT:-0.082,-0.041,-0.005,0.996

====== DEBUGGING '頭' (BONE 9) at FRAME 0 ======
DEBUG: Is in bone_name_map? Yes
DEBUG: Name in map: '頭', Name from Exp: '頭'
DEBUG: Map name matches Exp name? Yes
DEBUG: Is IK effector (ik_frame_bone_map)? No
DEBUG: Is physics bone (physics_bone_map)? Yes, type 0
DEBUG: Is IK bone (ik_bone_map)? No
DEBUG: Is Fuyo bone (fuyo_bone_map)? No
DEBUG: Current export_mode: 2
FRAME:0,BONE:9,NAME:頭
INIT_POS:0.000,16.750,0.217
INIT_ROT:-0.009,0.055,0.012,0.998
WORLD_MAT:0.994,0.022,-0.110,0.000,-0.024,1.000,-0.017,0.000,0.109,0.020,0.994,0.000,-0.063,16.468,1.470,1.000
PARENT_MAT:0.949,0.012,-0.315,0.000,-0.025,0.999,-0.036,0.000,0.314,0.042,0.948,0.000,-0.044,15.725,1.497,1.000
LOCAL_TRANS:-0.000,0.744,-0.000
VMD_POS_TEMP:-0.000,-16.006,-0.217
VMD_POS:-0.000,0.000,-0.000
VMD_ROT:0.009,-0.105,0.002,0.994
FINAL_POS:-0.000,0.000,-0.000
FINAL_ROT:0.009,-0.105,0.002,0.994

====== DEBUGGING '両目' (BONE 10) at FRAME 0 ======
DEBUG: Is in bone_name_map? Yes
DEBUG: Name in map: '両目', Name from Exp: '両目'
DEBUG: Map name matches Exp name? Yes
DEBUG: Is IK effector (ik_frame_bone_map)? No
DEBUG: Is physics bone (physics_bone_map)? No
DEBUG: Is IK bone (ik_bone_map)? No
DEBUG: Is Fuyo bone (fuyo_bone_map)? No
DEBUG: Current export_mode: 2
====== DEBUGGING '左目' (BONE 11) at FRAME 0 ======
DEBUG: Is in bone_name_map? Yes
DEBUG: Name in map: '左目', Name from Exp: '左目'
DEBUG: Map name matches Exp name? Yes
DEBUG: Is IK effector (ik_frame_bone_map)? No
DEBUG: Is physics bone (physics_bone_map)? No
DEBUG: Is IK bone (ik_bone_map)? No
DEBUG: Is Fuyo bone (fuyo_bone_map)? Yes
DEBUG: Current export_mode: 2
FRAME:0,BONE:11,NAME:左目
INIT_POS:0.277,17.297,-0.210
INIT_ROT:-0.017,0.050,0.012,0.999
WORLD_MAT:0.995,0.023,-0.100,0.000,-0.026,0.999,-0.032,0.000,0.100,0.034,0.994,0.000,0.152,17.012,1.006,1.000
PARENT_MAT:0.994,0.022,-0.110,0.000,-0.024,1.000,-0.017,0.000,0.109,0.020,0.994,0.000,-0.063,16.468,1.470,1.000
LOCAL_TRANS:0.277,0.547,-0.427
VMD_POS_TEMP:0.000,-16.750,-0.217
VMD_POS:0.000,-0.000,0.000
VMD_ROT:-0.008,-0.005,-0.000,1.000
FINAL_POS:0.000,-0.000,0.000
FINAL_ROT:-0.008,-0.005,-0.000,1.000

====== DEBUGGING '右目' (BONE 12) at FRAME 0 ======
DEBUG: Is in bone_name_map? Yes
DEBUG: Name in map: '右目', Name from Exp: '右目'
DEBUG: Map name matches Exp name? Yes
DEBUG: Is IK effector (ik_frame_bone_map)? No
DEBUG: Is physics bone (physics_bone_map)? No
DEBUG: Is IK bone (ik_bone_map)? No
DEBUG: Is Fuyo bone (fuyo_bone_map)? Yes
DEBUG: Current export_mode: 2
FRAME:0,BONE:12,NAME:右目
INIT_POS:-0.277,17.297,-0.210
INIT_ROT:-0.017,0.050,0.012,0.999
WORLD_MAT:0.995,0.023,-0.100,0.000,-0.026,0.999,-0.032,0.000,0.100,0.034,0.994,0.000,-0.398,17.000,1.067,1.000
PARENT_MAT:0.994,0.022,-0.110,0.000,-0.024,1.000,-0.017,0.000,0.109,0.020,0.994,0.000,-0.063,16.468,1.470,1.000
LOCAL_TRANS:-0.277,0.547,-0.427
VMD_POS_TEMP:-0.000,-16.750,-0.217
VMD_POS:-0.000,0.000,-0.000
VMD_ROT:-0.008,-0.005,0.000,1.000
FINAL_POS:-0.000,0.000,-0.000
FINAL_ROT:-0.008,-0.005,0.000,1.000

====== DEBUGGING '腰キャンセル左' (BONE 13) at FRAME 0 ======
DEBUG: Is in bone_name_map? Yes
DEBUG: Name in map: '腰キャンセル左', Name from Exp: '腰キャンセル左'
DEBUG: Map name matches Exp name? Yes
DEBUG: Is IK effector (ik_frame_bone_map)? No
DEBUG: Is physics bone (physics_bone_map)? No
DEBUG: Is IK bone (ik_bone_map)? No
DEBUG: Is Fuyo bone (fuyo_bone_map)? Yes
DEBUG: Current export_mode: 2
FRAME:0,BONE:13,NAME:腰キャンセル左
INIT_POS:0.879,10.876,-0.220
INIT_ROT:0.029,0.119,-0.009,0.992
WORLD_MAT:0.972,-0.012,-0.237,0.000,0.025,0.998,0.055,0.000,0.236,-0.060,0.970,0.000,0.499,10.677,0.431,1.000
PARENT_MAT:0.972,-0.012,-0.237,0.000,0.025,0.998,0.055,0.000,0.236,-0.060,0.970,0.000,-0.345,11.986,0.617,1.000
LOCAL_TRANS:0.879,-1.295,0.096
VMD_POS_TEMP:-0.000,-12.171,0.316
VMD_POS:0.000,0.000,0.000
VMD_ROT:0.000,0.000,0.000,1.000
FINAL_POS:0.000,0.000,0.000
FINAL_ROT:0.000,0.000,0.000,1.000

====== DEBUGGING '左足' (BONE 14) at FRAME 0 ======
DEBUG: Is in bone_name_map? Yes
DEBUG: Name in map: '左足', Name from Exp: '左足'
DEBUG: Map name matches Exp name? Yes
DEBUG: Is IK effector (ik_frame_bone_map)? No
DEBUG: Is physics bone (physics_bone_map)? No
DEBUG: Is IK bone (ik_bone_map)? Yes
DEBUG: Is Fuyo bone (fuyo_bone_map)? No
DEBUG: Current export_mode: 2
====== DEBUGGING '左ひざ' (BONE 15) at FRAME 0 ======
DEBUG: Is in bone_name_map? Yes
DEBUG: Name in map: '左ひざ', Name from Exp: '左ひざ'
DEBUG: Map name matches Exp name? Yes
DEBUG: Is IK effector (ik_frame_bone_map)? No
DEBUG: Is physics bone (physics_bone_map)? No
DEBUG: Is IK bone (ik_bone_map)? Yes
DEBUG: Is Fuyo bone (fuyo_bone_map)? No
DEBUG: Current export_mode: 2
====== DEBUGGING '左足首' (BONE 16) at FRAME 0 ======
DEBUG: Is in bone_name_map? Yes
DEBUG: Name in map: '左足首', Name from Exp: '左足首'
DEBUG: Map name matches Exp name? Yes
DEBUG: Is IK effector (ik_frame_bone_map)? No
DEBUG: Is physics bone (physics_bone_map)? No
DEBUG: Is IK bone (ik_bone_map)? Yes
DEBUG: Is Fuyo bone (fuyo_bone_map)? No
DEBUG: Current export_mode: 2
====== DEBUGGING '左足首先' (BONE 17) at FRAME 0 ======
DEBUG: Is in bone_name_map? Yes
DEBUG: Name in map: '左足首先', Name from Exp: '左足首先'
DEBUG: Map name matches Exp name? Yes
DEBUG: Is IK effector (ik_frame_bone_map)? No
DEBUG: Is physics bone (physics_bone_map)? No
DEBUG: Is IK bone (ik_bone_map)? No
DEBUG: Is Fuyo bone (fuyo_bone_map)? No
DEBUG: Current export_mode: 2
FRAME:0,BONE:17,NAME:左足首先
INIT_POS:0.631,-0.000,-0.897
INIT_ROT:0.003,-0.026,-0.001,1.000
WORLD_MAT:0.999,-0.002,0.053,0.000,0.002,1.000,0.005,0.000,-0.053,-0.005,0.999,0.000,0.154,-0.006,-0.921,1.000
PARENT_MAT:0.999,-0.002,0.053,0.000,0.002,1.000,0.005,0.000,-0.053,-0.005,0.999,0.000,0.091,1.328,0.332,1.000
LOCAL_TRANS:0.000,-1.340,-1.248
VMD_POS_TEMP:-0.631,-1.340,-0.350
VMD_POS:0.000,0.000,-0.000
VMD_ROT:0.000,0.000,0.000,1.000
FINAL_POS:0.000,0.000,-0.000
FINAL_ROT:0.000,0.000,0.000,1.000

====== DEBUGGING '腰キャンセル右' (BONE 18) at FRAME 0 ======
DEBUG: Is in bone_name_map? Yes
DEBUG: Name in map: '腰キャンセル右', Name from Exp: '腰キャンセル右'
DEBUG: Map name matches Exp name? Yes
DEBUG: Is IK effector (ik_frame_bone_map)? No
DEBUG: Is physics bone (physics_bone_map)? No
DEBUG: Is IK bone (ik_bone_map)? No
DEBUG: Is Fuyo bone (fuyo_bone_map)? Yes
DEBUG: Current export_mode: 2
FRAME:0,BONE:18,NAME:腰キャンセル右
INIT_POS:-0.879,10.876,-0.220
INIT_ROT:0.029,0.119,-0.009,0.992
WORLD_MAT:0.972,-0.012,-0.237,0.000,0.025,0.998,0.055,0.000,0.236,-0.060,0.970,0.000,-1.209,10.698,0.847,1.000
PARENT_MAT:0.972,-0.012,-0.237,0.000,0.025,0.998,0.055,0.000,0.236,-0.060,0.970,0.000,-0.345,11.986,0.617,1.000
LOCAL_TRANS:-0.879,-1.295,0.096
VMD_POS_TEMP:-0.000,-12.171,0.316
VMD_POS:0.000,-0.000,0.000
VMD_ROT:0.000,0.000,0.000,1.000
FINAL_POS:0.000,-0.000,0.000
FINAL_ROT:0.000,0.000,0.000,1.000

====== DEBUGGING '右足' (BONE 19) at FRAME 0 ======
DEBUG: Is in bone_name_map? Yes
DEBUG: Name in map: '右足', Name from Exp: '右足'
DEBUG: Map name matches Exp name? Yes
DEBUG: Is IK effector (ik_frame_bone_map)? No
DEBUG: Is physics bone (physics_bone_map)? No
DEBUG: Is IK bone (ik_bone_map)? Yes
DEBUG: Is Fuyo bone (fuyo_bone_map)? No
DEBUG: Current export_mode: 2
====== DEBUGGING '右ひざ' (BONE 20) at FRAME 0 ======
DEBUG: Is in bone_name_map? Yes
DEBUG: Name in map: '右ひざ', Name from Exp: '右ひざ'
DEBUG: Map name matches Exp name? Yes
DEBUG: Is IK effector (ik_frame_bone_map)? No
DEBUG: Is physics bone (physics_bone_map)? No
DEBUG: Is IK bone (ik_bone_map)? Yes
DEBUG: Is Fuyo bone (fuyo_bone_map)? No
DEBUG: Current export_mode: 2
====== DEBUGGING '右足首' (BONE 21) at FRAME 0 ======
DEBUG: Is in bone_name_map? Yes
DEBUG: Name in map: '右足首', Name from Exp: '右足首'
DEBUG: Map name matches Exp name? Yes
DEBUG: Is IK effector (ik_frame_bone_map)? No
DEBUG: Is physics bone (physics_bone_map)? No
DEBUG: Is IK bone (ik_bone_map)? Yes
DEBUG: Is Fuyo bone (fuyo_bone_map)? No
DEBUG: Current export_mode: 2
====== DEBUGGING '右足首先' (BONE 22) at FRAME 0 ======
DEBUG: Is in bone_name_map? Yes
DEBUG: Name in map: '右足首先', Name from Exp: '右足首先'
DEBUG: Map name matches Exp name? Yes
DEBUG: Is IK effector (ik_frame_bone_map)? No
DEBUG: Is physics bone (physics_bone_map)? No
DEBUG: Is IK bone (ik_bone_map)? No
DEBUG: Is Fuyo bone (fuyo_bone_map)? No
DEBUG: Current export_mode: 2
FRAME:0,BONE:22,NAME:右足首先
INIT_POS:-0.631,-0.000,-0.897
INIT_ROT:-0.056,0.139,0.008,0.989
WORLD_MAT:0.961,0.000,-0.275,0.000,-0.031,0.994,-0.108,0.000,0.274,0.112,0.955,0.000,-0.527,0.011,-0.943,1.000
PARENT_MAT:0.961,0.000,-0.275,0.000,-0.031,0.994,-0.108,0.000,0.274,0.112,0.955,0.000,-0.227,1.483,0.104,1.000
LOCAL_TRANS:0.000,-1.340,-1.248
VMD_POS_TEMP:0.631,-1.340,-0.350
VMD_POS:0.000,0.000,-0.000
VMD_ROT:-0.000,0.000,0.000,1.000
FINAL_POS:0.000,0.000,-0.000
FINAL_ROT:-0.000,0.000,0.000,1.000

====== DEBUGGING '左足IK親' (BONE 23) at FRAME 0 ======
DEBUG: Is in bone_name_map? Yes
DEBUG: Name in map: '左足IK親', Name from Exp: '左足IK親'
DEBUG: Map name matches Exp name? Yes
DEBUG: Is IK effector (ik_frame_bone_map)? No
DEBUG: Is physics bone (physics_bone_map)? No
DEBUG: Is IK bone (ik_bone_map)? No
DEBUG: Is Fuyo bone (fuyo_bone_map)? No
DEBUG: Current export_mode: 2
FRAME:0,BONE:23,NAME:左足IK親
INIT_POS:0.631,0.000,0.350
INIT_ROT:0.000,0.000,0.000,1.000
WORLD_MAT:1.000,0.000,0.000,0.000,0.000,1.000,0.000,0.000,0.000,0.000,1.000,0.000,0.631,0.000,0.350,1.000
PARENT_MAT:1.000,0.000,0.000,0.000,0.000,1.000,0.000,0.000,0.000,0.000,1.000,0.000,0.000,0.000,0.000,1.000
LOCAL_TRANS:0.631,0.000,0.350
VMD_POS_TEMP:0.000,0.000,0.000
VMD_POS:0.000,0.000,0.000
VMD_ROT:0.000,0.000,0.000,1.000
FINAL_POS:0.000,0.000,0.000
FINAL_ROT:0.000,0.000,0.000,1.000

====== DEBUGGING '左足ＩＫ' (BONE 24) at FRAME 0 ======
DEBUG: Is in bone_name_map? Yes
DEBUG: Name in map: '左足ＩＫ', Name from Exp: '左足ＩＫ'
DEBUG: Map name matches Exp name? Yes
DEBUG: Is IK effector (ik_frame_bone_map)? Yes, will be skipped.
DEBUG: Is physics bone (physics_bone_map)? No
DEBUG: Is IK bone (ik_bone_map)? No
DEBUG: Is Fuyo bone (fuyo_bone_map)? No
DEBUG: Current export_mode: 2
====== DEBUGGING '右足IK親' (BONE 25) at FRAME 0 ======
DEBUG: Is in bone_name_map? Yes
DEBUG: Name in map: '右足IK親', Name from Exp: '右足IK親'
DEBUG: Map name matches Exp name? Yes
DEBUG: Is IK effector (ik_frame_bone_map)? No
DEBUG: Is physics bone (physics_bone_map)? No
DEBUG: Is IK bone (ik_bone_map)? No
DEBUG: Is Fuyo bone (fuyo_bone_map)? No
DEBUG: Current export_mode: 2
FRAME:0,BONE:25,NAME:右足IK親
INIT_POS:-0.631,0.000,0.350
INIT_ROT:0.000,0.000,0.000,1.000
WORLD_MAT:1.000,0.000,0.000,0.000,0.000,1.000,0.000,0.000,0.000,0.000,1.000,0.000,-0.631,0.000,0.350,1.000
PARENT_MAT:1.000,0.000,0.000,0.000,0.000,1.000,0.000,0.000,0.000,0.000,1.000,0.000,0.000,0.000,0.000,1.000
LOCAL_TRANS:-0.631,0.000,0.350
VMD_POS_TEMP:0.000,0.000,0.000
VMD_POS:0.000,0.000,0.000
VMD_ROT:0.000,0.000,0.000,1.000
FINAL_POS:0.000,0.000,0.000
FINAL_ROT:0.000,0.000,0.000,1.000

====== DEBUGGING '右足ＩＫ' (BONE 26) at FRAME 0 ======
DEBUG: Is in bone_name_map? Yes
DEBUG: Name in map: '右足ＩＫ', Name from Exp: '右足ＩＫ'
DEBUG: Map name matches Exp name? Yes
DEBUG: Is IK effector (ik_frame_bone_map)? Yes, will be skipped.
DEBUG: Is physics bone (physics_bone_map)? No
DEBUG: Is IK bone (ik_bone_map)? No
DEBUG: Is Fuyo bone (fuyo_bone_map)? No
DEBUG: Current export_mode: 2
====== DEBUGGING '左つま先ＩＫ' (BONE 27) at FRAME 0 ======
DEBUG: Is in bone_name_map? Yes
DEBUG: Name in map: '左つま先ＩＫ', Name from Exp: '左つま先ＩＫ'
DEBUG: Map name matches Exp name? Yes
DEBUG: Is IK effector (ik_frame_bone_map)? Yes, will be skipped.
DEBUG: Is physics bone (physics_bone_map)? No
DEBUG: Is IK bone (ik_bone_map)? No
DEBUG: Is Fuyo bone (fuyo_bone_map)? No
DEBUG: Current export_mode: 2
====== DEBUGGING '右つま先ＩＫ' (BONE 28) at FRAME 0 ======
DEBUG: Is in bone_name_map? Yes
DEBUG: Name in map: '右つま先ＩＫ', Name from Exp: '右つま先ＩＫ'
DEBUG: Map name matches Exp name? Yes
DEBUG: Is IK effector (ik_frame_bone_map)? Yes, will be skipped.
DEBUG: Is physics bone (physics_bone_map)? No
DEBUG: Is IK bone (ik_bone_map)? No
DEBUG: Is Fuyo bone (fuyo_bone_map)? No
DEBUG: Current export_mode: 2
====== DEBUGGING '左肩P' (BONE 29) at FRAME 0 ======
DEBUG: Is in bone_name_map? Yes
DEBUG: Name in map: '左肩P', Name from Exp: '左肩P'
DEBUG: Map name matches Exp name? Yes
DEBUG: Is IK effector (ik_frame_bone_map)? No
DEBUG: Is physics bone (physics_bone_map)? No
DEBUG: Is IK bone (ik_bone_map)? No
DEBUG: Is Fuyo bone (fuyo_bone_map)? No
DEBUG: Current export_mode: 2
====== DEBUGGING '左肩' (BONE 30) at FRAME 0 ======
DEBUG: Is in bone_name_map? Yes
DEBUG: Name in map: '左肩', Name from Exp: '左肩'
DEBUG: Map name matches Exp name? Yes
DEBUG: Is IK effector (ik_frame_bone_map)? No
DEBUG: Is physics bone (physics_bone_map)? No
DEBUG: Is IK bone (ik_bone_map)? No
DEBUG: Is Fuyo bone (fuyo_bone_map)? No
DEBUG: Current export_mode: 2
FRAME:0,BONE:30,NAME:左肩
INIT_POS:0.443,15.648,0.418
INIT_ROT:0.082,0.192,0.108,0.972
WORLD_MAT:0.903,0.242,-0.356,0.000,-0.179,0.963,0.201,0.000,0.391,-0.117,0.913,0.000,0.434,15.357,1.463,1.000
PARENT_MAT:0.920,0.026,-0.391,0.000,0.023,0.992,0.121,0.000,0.391,-0.120,0.912,0.000,0.434,15.357,1.463,1.000
LOCAL_TRANS:0.000,0.000,0.000
VMD_POS_TEMP:-0.443,-15.648,-0.418
VMD_POS:0.000,0.000,0.000
VMD_ROT:-0.002,0.000,0.110,0.994
FINAL_POS:0.000,0.000,0.000
FINAL_ROT:-0.002,0.000,0.110,0.994

====== DEBUGGING '左肩C' (BONE 31) at FRAME 0 ======
DEBUG: Is in bone_name_map? Yes
DEBUG: Name in map: '左肩C', Name from Exp: '左肩C'
DEBUG: Map name matches Exp name? Yes
DEBUG: Is IK effector (ik_frame_bone_map)? No
DEBUG: Is physics bone (physics_bone_map)? No
DEBUG: Is IK bone (ik_bone_map)? No
DEBUG: Is Fuyo bone (fuyo_bone_map)? Yes
DEBUG: Current export_mode: 2
FRAME:0,BONE:31,NAME:左肩C
INIT_POS:1.193,15.455,0.418
INIT_ROT:0.082,0.192,0.108,0.972
WORLD_MAT:0.903,0.242,-0.356,0.000,-0.179,0.963,0.201,0.000,0.391,-0.117,0.913,0.000,1.146,15.353,1.158,1.000
PARENT_MAT:0.903,0.242,-0.356,0.000,-0.179,0.963,0.201,0.000,0.391,-0.117,0.913,0.000,0.434,15.357,1.463,1.000
LOCAL_TRANS:0.750,-0.192,-0.000
VMD_POS_TEMP:-0.443,-15.648,-0.418
VMD_POS:0.000,0.000,-0.000
VMD_ROT:0.000,0.000,0.000,1.000
FINAL_POS:0.000,0.000,-0.000
FINAL_ROT:0.000,0.000,0.000,1.000

====== DEBUGGING '左腕' (BONE 32) at FRAME 0 ======
DEBUG: Is in bone_name_map? Yes
DEBUG: Name in map: '左腕', Name from Exp: '左腕'
DEBUG: Map name matches Exp name? Yes
DEBUG: Is IK effector (ik_frame_bone_map)? No
DEBUG: Is physics bone (physics_bone_map)? No
DEBUG: Is IK bone (ik_bone_map)? No
DEBUG: Is Fuyo bone (fuyo_bone_map)? No
DEBUG: Current export_mode: 2
FRAME:0,BONE:32,NAME:左腕
INIT_POS:1.193,15.455,0.418
INIT_ROT:-0.047,0.124,-0.286,0.949
WORLD_MAT:0.806,-0.554,-0.208,0.000,0.531,0.832,-0.161,0.000,0.262,0.019,0.965,0.000,1.146,15.353,1.158,1.000
PARENT_MAT:0.903,0.242,-0.356,0.000,-0.179,0.963,0.201,0.000,0.391,-0.117,0.913,0.000,1.146,15.353,1.158,1.000
LOCAL_TRANS:-0.000,0.000,-0.000
VMD_POS_TEMP:-1.193,-15.455,-0.418
VMD_POS:-0.000,0.000,-0.000
VMD_ROT:-0.055,-0.080,-0.400,0.911
FINAL_POS:-0.000,0.000,-0.000
FINAL_ROT:-0.055,-0.080,-0.400,0.911

====== DEBUGGING '左腕捩' (BONE 33) at FRAME 0 ======
DEBUG: Is in bone_name_map? Yes
DEBUG: Name in map: '左腕捩', Name from Exp: '左腕捩'
DEBUG: Map name matches Exp name? Yes
DEBUG: Is IK effector (ik_frame_bone_map)? No
DEBUG: Is physics bone (physics_bone_map)? No
DEBUG: Is IK bone (ik_bone_map)? No
DEBUG: Is Fuyo bone (fuyo_bone_map)? No
DEBUG: Current export_mode: 2
====== DEBUGGING '左腕捩1' (BONE 34) at FRAME 0 ======
DEBUG: Is in bone_name_map? Yes
DEBUG: Name in map: '左腕捩1', Name from Exp: '左腕捩1'
DEBUG: Map name matches Exp name? Yes
DEBUG: Is IK effector (ik_frame_bone_map)? No
DEBUG: Is physics bone (physics_bone_map)? No
DEBUG: Is IK bone (ik_bone_map)? No
DEBUG: Is Fuyo bone (fuyo_bone_map)? Yes
DEBUG: Current export_mode: 2
FRAME:0,BONE:34,NAME:左腕捩1
INIT_POS:1.889,14.968,0.431
INIT_ROT:-0.005,0.070,-0.289,0.955
WORLD_MAT:0.823,-0.553,-0.130,0.000,0.552,0.832,-0.049,0.000,0.136,-0.031,0.990,0.000,1.451,14.562,1.104,1.000
PARENT_MAT:0.806,-0.554,-0.208,0.000,0.531,0.832,-0.161,0.000,0.262,0.019,0.965,0.000,1.146,15.353,1.158,1.000
LOCAL_TRANS:0.695,-0.487,0.013
VMD_POS_TEMP:-1.193,-15.455,-0.418
VMD_POS:0.000,0.000,0.000
VMD_ROT:0.057,-0.040,0.001,0.998
FINAL_POS:0.000,0.000,0.000
FINAL_ROT:0.057,-0.040,0.001,0.998

====== DEBUGGING '左腕捩2' (BONE 35) at FRAME 0 ======
DEBUG: Is in bone_name_map? Yes
DEBUG: Name in map: '左腕捩2', Name from Exp: '左腕捩2'
DEBUG: Map name matches Exp name? Yes
DEBUG: Is IK effector (ik_frame_bone_map)? No
DEBUG: Is physics bone (physics_bone_map)? No
DEBUG: Is IK bone (ik_bone_map)? No
DEBUG: Is Fuyo bone (fuyo_bone_map)? Yes
DEBUG: Current export_mode: 2
FRAME:0,BONE:35,NAME:左腕捩2
INIT_POS:2.331,14.658,0.439
INIT_ROT:0.038,0.015,-0.291,0.956
WORLD_MAT:0.830,-0.556,-0.051,0.000,0.558,0.827,0.064,0.000,0.007,-0.082,0.997,0.000,1.645,14.060,1.070,1.000
PARENT_MAT:0.806,-0.554,-0.208,0.000,0.531,0.832,-0.161,0.000,0.262,0.019,0.965,0.000,1.146,15.353,1.158,1.000
LOCAL_TRANS:1.138,-0.797,0.021
VMD_POS_TEMP:-1.193,-15.455,-0.418
VMD_POS:0.000,-0.000,0.000
VMD_ROT:0.113,-0.079,0.002,0.990
FINAL_POS:0.000,-0.000,0.000
FINAL_ROT:0.113,-0.079,0.002,0.990

====== DEBUGGING '左腕捩3' (BONE 36) at FRAME 0 ======
DEBUG: Is in bone_name_map? Yes
DEBUG: Name in map: '左腕捩3', Name from Exp: '左腕捩3'
DEBUG: Map name matches Exp name? Yes
DEBUG: Is IK effector (ik_frame_bone_map)? No
DEBUG: Is physics bone (physics_bone_map)? No
DEBUG: Is IK bone (ik_bone_map)? No
DEBUG: Is Fuyo bone (fuyo_bone_map)? Yes
DEBUG: Current export_mode: 2
FRAME:0,BONE:36,NAME:左腕捩3
INIT_POS:2.773,14.349,0.447
INIT_ROT:0.081,-0.040,-0.292,0.952
WORLD_MAT:0.826,-0.563,0.028,0.000,0.550,0.816,0.177,0.000,-0.122,-0.131,0.984,0.000,1.839,13.557,1.036,1.000
PARENT_MAT:0.806,-0.554,-0.208,0.000,0.531,0.832,-0.161,0.000,0.262,0.019,0.965,0.000,1.146,15.353,1.158,1.000
LOCAL_TRANS:1.580,-1.107,0.030
VMD_POS_TEMP:-1.193,-15.455,-0.418
VMD_POS:0.000,-0.000,0.000
VMD_ROT:0.169,-0.118,0.003,0.978
FINAL_POS:0.000,-0.000,0.000
FINAL_ROT:0.169,-0.118,0.003,0.978

====== DEBUGGING '左ひじ' (BONE 37) at FRAME 0 ======
DEBUG: Is in bone_name_map? Yes
DEBUG: Name in map: '左ひじ', Name from Exp: '左ひじ'
DEBUG: Map name matches Exp name? Yes
DEBUG: Is IK effector (ik_frame_bone_map)? No
DEBUG: Is physics bone (physics_bone_map)? No
DEBUG: Is IK bone (ik_bone_map)? No
DEBUG: Is Fuyo bone (fuyo_bone_map)? No
DEBUG: Current export_mode: 2
FRAME:0,BONE:37,NAME:左ひじ
INIT_POS:3.304,13.977,0.491
INIT_ROT:0.327,-0.274,-0.247,0.870
WORLD_MAT:0.727,-0.610,0.315,0.000,0.251,0.663,0.705,0.000,-0.639,-0.434,0.635,0.000,2.053,12.944,1.027,1.000
PARENT_MAT:0.813,-0.573,0.106,0.000,0.527,0.800,0.287,0.000,-0.249,-0.177,0.952,0.000,1.701,13.913,1.060,1.000
LOCAL_TRANS:0.838,-0.600,0.053
VMD_POS_TEMP:-2.466,-14.577,-0.439
VMD_POS:-0.007,-0.008,0.003
VMD_ROT:0.259,-0.112,0.023,0.959
FINAL_POS:-0.007,-0.008,0.003
FINAL_ROT:0.259,-0.112,0.023,0.959

====== DEBUGGING '左手捩' (BONE 38) at FRAME 0 ======
DEBUG: Is in bone_name_map? Yes
DEBUG: Name in map: '左手捩', Name from Exp: '左手捩'
DEBUG: Map name matches Exp name? Yes
DEBUG: Is IK effector (ik_frame_bone_map)? No
DEBUG: Is physics bone (physics_bone_map)? No
DEBUG: Is IK bone (ik_bone_map)? No
DEBUG: Is Fuyo bone (fuyo_bone_map)? No
DEBUG: Current export_mode: 2
====== DEBUGGING '左手捩1' (BONE 39) at FRAME 0 ======
DEBUG: Is in bone_name_map? Yes
DEBUG: Name in map: '左手捩1', Name from Exp: '左手捩1'
DEBUG: Map name matches Exp name? Yes
DEBUG: Is IK effector (ik_frame_bone_map)? No
DEBUG: Is physics bone (physics_bone_map)? No
DEBUG: Is IK bone (ik_bone_map)? No
DEBUG: Is Fuyo bone (fuyo_bone_map)? Yes
DEBUG: Current export_mode: 2
FRAME:0,BONE:39,NAME:左手捩1
INIT_POS:4.002,13.488,0.516
INIT_ROT:0.339,-0.289,-0.246,0.861
WORLD_MAT:0.712,-0.619,0.330,0.000,0.228,0.650,0.725,0.000,-0.664,-0.441,0.604,0.000,2.422,12.183,0.918,1.000
PARENT_MAT:0.727,-0.610,0.315,0.000,0.251,0.663,0.705,0.000,-0.639,-0.434,0.635,0.000,2.053,12.944,1.027,1.000
LOCAL_TRANS:0.698,-0.489,0.024
VMD_POS_TEMP:-3.304,-13.977,-0.491
VMD_POS:0.000,-0.000,0.000
VMD_ROT:0.017,-0.012,0.001,1.000
FINAL_POS:0.000,-0.000,0.000
FINAL_ROT:0.017,-0.012,0.001,1.000

====== DEBUGGING '左手捩2' (BONE 40) at FRAME 0 ======
DEBUG: Is in bone_name_map? Yes
DEBUG: Name in map: '左手捩2', Name from Exp: '左手捩2'
DEBUG: Map name matches Exp name? Yes
DEBUG: Is IK effector (ik_frame_bone_map)? No
DEBUG: Is physics bone (physics_bone_map)? No
DEBUG: Is IK bone (ik_bone_map)? No
DEBUG: Is Fuyo bone (fuyo_bone_map)? Yes
DEBUG: Current export_mode: 2
FRAME:0,BONE:40,NAME:左手捩2
INIT_POS:4.590,13.075,0.536
INIT_ROT:0.350,-0.303,-0.245,0.852
WORLD_MAT:0.697,-0.629,0.345,0.000,0.205,0.635,0.744,0.000,-0.687,-0.448,0.572,0.000,2.733,11.542,0.826,1.000
PARENT_MAT:0.727,-0.610,0.315,0.000,0.251,0.663,0.705,0.000,-0.639,-0.434,0.635,0.000,2.053,12.944,1.027,1.000
LOCAL_TRANS:1.286,-0.901,0.045
VMD_POS_TEMP:-3.304,-13.977,-0.491
VMD_POS:0.000,0.000,0.000
VMD_ROT:0.033,-0.023,0.001,0.999
FINAL_POS:0.000,0.000,0.000
FINAL_ROT:0.033,-0.023,0.001,0.999

====== DEBUGGING '左手捩3' (BONE 41) at FRAME 0 ======
DEBUG: Is in bone_name_map? Yes
DEBUG: Name in map: '左手捩3', Name from Exp: '左手捩3'
DEBUG: Map name matches Exp name? Yes
DEBUG: Is IK effector (ik_frame_bone_map)? No
DEBUG: Is physics bone (physics_bone_map)? No
DEBUG: Is IK bone (ik_bone_map)? No
DEBUG: Is Fuyo bone (fuyo_bone_map)? Yes
DEBUG: Current export_mode: 2
FRAME:0,BONE:41,NAME:左手捩3
INIT_POS:5.178,12.663,0.557
INIT_ROT:0.361,-0.317,-0.243,0.843
WORLD_MAT:0.681,-0.639,0.359,0.000,0.181,0.621,0.762,0.000,-0.710,-0.454,0.539,0.000,3.045,10.901,0.733,1.000
PARENT_MAT:0.727,-0.610,0.315,0.000,0.251,0.663,0.705,0.000,-0.639,-0.434,0.635,0.000,2.053,12.944,1.027,1.000
LOCAL_TRANS:1.875,-1.313,0.065
VMD_POS_TEMP:-3.304,-13.977,-0.491
VMD_POS:0.000,0.000,-0.000
VMD_ROT:0.050,-0.035,0.002,0.998
FINAL_POS:0.000,0.000,-0.000
FINAL_ROT:0.050,-0.035,0.002,0.998

====== DEBUGGING '左手首' (BONE 42) at FRAME 0 ======
DEBUG: Is in bone_name_map? Yes
DEBUG: Name in map: '左手首', Name from Exp: '左手首'
DEBUG: Map name matches Exp name? Yes
DEBUG: Is IK effector (ik_frame_bone_map)? No
DEBUG: Is physics bone (physics_bone_map)? No
DEBUG: Is IK bone (ik_bone_map)? No
DEBUG: Is Fuyo bone (fuyo_bone_map)? No
DEBUG: Current export_mode: 2
FRAME:0,BONE:42,NAME:左手首
INIT_POS:5.788,12.236,0.578
INIT_ROT:0.336,-0.449,0.017,0.827
WORLD_MAT:0.595,-0.275,0.755,0.000,-0.330,0.773,0.541,0.000,-0.733,-0.571,0.370,0.000,3.367,10.237,0.638,1.000
PARENT_MAT:0.664,-0.649,0.372,0.000,0.156,0.607,0.779,0.000,-0.731,-0.460,0.504,0.000,2.841,11.320,0.794,1.000
LOCAL_TRANS:0.994,-0.696,0.035
VMD_POS_TEMP:-4.794,-12.933,-0.543
VMD_POS:0.000,-0.000,0.000
VMD_ROT:0.086,-0.013,0.270,0.959
FINAL_POS:0.000,-0.000,0.000
FINAL_ROT:0.086,-0.013,0.270,0.959

====== DEBUGGING '左ダミー' (BONE 43) at FRAME 0 ======
DEBUG: Is in bone_name_map? Yes
DEBUG: Name in map: '左ダミー', Name from Exp: '左ダミー'
DEBUG: Map name matches Exp name? Yes
DEBUG: Is IK effector (ik_frame_bone_map)? No
DEBUG: Is physics bone (physics_bone_map)? No
DEBUG: Is IK bone (ik_bone_map)? No
DEBUG: Is Fuyo bone (fuyo_bone_map)? No
DEBUG: Current export_mode: 2
FRAME:0,BONE:43,NAME:左ダミー
INIT_POS:5.967,11.822,0.578
INIT_ROT:0.336,-0.449,0.017,0.827
WORLD_MAT:0.595,-0.275,0.755,0.000,-0.330,0.773,0.541,0.000,-0.733,-0.571,0.370,0.000,3.610,9.867,0.549,1.000
PARENT_MAT:0.595,-0.275,0.755,0.000,-0.330,0.773,0.541,0.000,-0.733,-0.571,0.370,0.000,3.367,10.237,0.638,1.000
LOCAL_TRANS:0.179,-0.414,0.000
VMD_POS_TEMP:-5.788,-12.236,-0.578
VMD_POS:0.000,-0.000,0.000
VMD_ROT:0.000,-0.000,0.000,1.000
FINAL_POS:0.000,-0.000,0.000
FINAL_ROT:0.000,-0.000,0.000,1.000

====== DEBUGGING '右肩P' (BONE 44) at FRAME 0 ======
DEBUG: Is in bone_name_map? Yes
DEBUG: Name in map: '右肩P', Name from Exp: '右肩P'
DEBUG: Map name matches Exp name? Yes
DEBUG: Is IK effector (ik_frame_bone_map)? No
DEBUG: Is physics bone (physics_bone_map)? No
DEBUG: Is IK bone (ik_bone_map)? No
DEBUG: Is Fuyo bone (fuyo_bone_map)? No
DEBUG: Current export_mode: 2
====== DEBUGGING '右肩' (BONE 45) at FRAME 0 ======
DEBUG: Is in bone_name_map? Yes
DEBUG: Name in map: '右肩', Name from Exp: '右肩'
DEBUG: Map name matches Exp name? Yes
DEBUG: Is IK effector (ik_frame_bone_map)? No
DEBUG: Is physics bone (physics_bone_map)? No
DEBUG: Is IK bone (ik_bone_map)? No
DEBUG: Is Fuyo bone (fuyo_bone_map)? No
DEBUG: Current export_mode: 2
FRAME:0,BONE:45,NAME:右肩
INIT_POS:-0.443,15.648,0.418
INIT_ROT:0.062,0.200,0.001,0.978
WORLD_MAT:0.920,0.026,-0.391,0.000,0.023,0.992,0.121,0.000,0.391,-0.120,0.912,0.000,-0.382,15.334,1.810,1.000
PARENT_MAT:0.920,0.026,-0.391,0.000,0.023,0.992,0.121,0.000,0.391,-0.120,0.912,0.000,-0.382,15.334,1.810,1.000
LOCAL_TRANS:0.000,0.000,0.000
VMD_POS_TEMP:0.443,-15.648,-0.418
VMD_POS:0.000,0.000,0.000
VMD_ROT:-0.000,0.000,-0.000,1.000
FINAL_POS:0.000,0.000,0.000
FINAL_ROT:-0.000,0.000,-0.000,1.000

====== DEBUGGING '右肩C' (BONE 46) at FRAME 0 ======
DEBUG: Is in bone_name_map? Yes
DEBUG: Name in map: '右肩C', Name from Exp: '右肩C'
DEBUG: Map name matches Exp name? Yes
DEBUG: Is IK effector (ik_frame_bone_map)? No
DEBUG: Is physics bone (physics_bone_map)? No
DEBUG: Is IK bone (ik_bone_map)? No
DEBUG: Is Fuyo bone (fuyo_bone_map)? Yes
DEBUG: Current export_mode: 2
FRAME:0,BONE:46,NAME:右肩C
INIT_POS:-1.193,15.455,0.418
INIT_ROT:0.062,0.200,0.001,0.978
WORLD_MAT:0.920,0.026,-0.391,0.000,0.023,0.992,0.121,0.000,0.391,-0.120,0.912,0.000,-1.076,15.123,2.080,1.000
PARENT_MAT:0.920,0.026,-0.391,0.000,0.023,0.992,0.121,0.000,0.391,-0.120,0.912,0.000,-0.382,15.334,1.810,1.000
LOCAL_TRANS:-0.750,-0.192,-0.000
VMD_POS_TEMP:0.443,-15.648,-0.418
VMD_POS:0.000,0.000,-0.000
VMD_ROT:-0.000,0.000,-0.000,1.000
FINAL_POS:0.000,0.000,-0.000
FINAL_ROT:-0.000,0.000,-0.000,1.000

====== DEBUGGING '右腕' (BONE 47) at FRAME 0 ======
DEBUG: Is in bone_name_map? Yes
DEBUG: Name in map: '右腕', Name from Exp: '右腕'
DEBUG: Map name matches Exp name? Yes
DEBUG: Is IK effector (ik_frame_bone_map)? No
DEBUG: Is physics bone (physics_bone_map)? No
DEBUG: Is IK bone (ik_bone_map)? No
DEBUG: Is Fuyo bone (fuyo_bone_map)? No
DEBUG: Current export_mode: 2
FRAME:0,BONE:47,NAME:右腕
INIT_POS:-1.193,15.455,0.418
INIT_ROT:0.071,0.246,0.364,0.895
WORLD_MAT:0.614,0.687,-0.389,0.000,-0.617,0.725,0.306,0.000,0.492,0.053,0.869,0.000,-1.076,15.123,2.080,1.000
PARENT_MAT:0.920,0.026,-0.391,0.000,0.023,0.992,0.121,0.000,0.391,-0.120,0.912,0.000,-1.076,15.123,2.080,1.000
LOCAL_TRANS:-0.000,0.000,-0.000
VMD_POS_TEMP:1.193,-15.455,-0.418
VMD_POS:-0.000,0.000,-0.000
VMD_ROT:-0.059,0.084,0.354,0.929
FINAL_POS:-0.000,0.000,-0.000
FINAL_ROT:-0.059,0.084,0.354,0.929

====== DEBUGGING '右腕捩' (BONE 48) at FRAME 0 ======
DEBUG: Is in bone_name_map? Yes
DEBUG: Name in map: '右腕捩', Name from Exp: '右腕捩'
DEBUG: Map name matches Exp name? Yes
DEBUG: Is IK effector (ik_frame_bone_map)? No
DEBUG: Is physics bone (physics_bone_map)? No
DEBUG: Is IK bone (ik_bone_map)? No
DEBUG: Is Fuyo bone (fuyo_bone_map)? No
DEBUG: Current export_mode: 2
====== DEBUGGING '右腕捩1' (BONE 49) at FRAME 0 ======
DEBUG: Is in bone_name_map? Yes
DEBUG: Name in map: '右腕捩1', Name from Exp: '右腕捩1'
DEBUG: Map name matches Exp name? Yes
DEBUG: Is IK effector (ik_frame_bone_map)? No
DEBUG: Is physics bone (physics_bone_map)? No
DEBUG: Is IK bone (ik_bone_map)? No
DEBUG: Is Fuyo bone (fuyo_bone_map)? Yes
DEBUG: Current export_mode: 2
FRAME:0,BONE:49,NAME:右腕捩1
INIT_POS:-1.887,14.969,0.427
INIT_ROT:0.065,0.237,0.366,0.898
WORLD_MAT:0.620,0.688,-0.378,0.000,-0.626,0.724,0.290,0.000,0.473,0.057,0.879,0.000,-1.198,14.295,2.210,1.000
PARENT_MAT:0.614,0.687,-0.389,0.000,-0.617,0.725,0.306,0.000,0.492,0.053,0.869,0.000,-1.076,15.123,2.080,1.000
LOCAL_TRANS:-0.694,-0.486,0.009
VMD_POS_TEMP:1.193,-15.455,-0.418
VMD_POS:-0.000,-0.000,0.000
VMD_ROT:-0.009,-0.006,0.000,1.000
FINAL_POS:-0.000,-0.000,0.000
FINAL_ROT:-0.009,-0.006,0.000,1.000

====== DEBUGGING '右腕捩2' (BONE 50) at FRAME 0 ======
DEBUG: Is in bone_name_map? Yes
DEBUG: Name in map: '右腕捩2', Name from Exp: '右腕捩2'
DEBUG: Map name matches Exp name? Yes
DEBUG: Is IK effector (ik_frame_bone_map)? No
DEBUG: Is physics bone (physics_bone_map)? No
DEBUG: Is IK bone (ik_bone_map)? No
DEBUG: Is Fuyo bone (fuyo_bone_map)? Yes
DEBUG: Current export_mode: 2
FRAME:0,BONE:50,NAME:右腕捩2
INIT_POS:-2.328,14.660,0.432
INIT_ROT:0.059,0.228,0.368,0.900
WORLD_MAT:0.625,0.689,-0.367,0.000,-0.635,0.723,0.274,0.000,0.454,0.061,0.889,0.000,-1.275,13.769,2.292,1.000
PARENT_MAT:0.614,0.687,-0.389,0.000,-0.617,0.725,0.306,0.000,0.492,0.053,0.869,0.000,-1.076,15.123,2.080,1.000
LOCAL_TRANS:-1.135,-0.795,0.015
VMD_POS_TEMP:1.193,-15.455,-0.418
VMD_POS:-0.000,-0.000,0.000
VMD_ROT:-0.018,-0.013,0.000,1.000
FINAL_POS:-0.000,-0.000,0.000
FINAL_ROT:-0.018,-0.013,0.000,1.000

====== DEBUGGING '右腕捩3' (BONE 51) at FRAME 0 ======
DEBUG: Is in bone_name_map? Yes
DEBUG: Name in map: '右腕捩3', Name from Exp: '右腕捩3'
DEBUG: Map name matches Exp name? Yes
DEBUG: Is IK effector (ik_frame_bone_map)? No
DEBUG: Is physics bone (physics_bone_map)? No
DEBUG: Is IK bone (ik_bone_map)? No
DEBUG: Is Fuyo bone (fuyo_bone_map)? Yes
DEBUG: Current export_mode: 2
FRAME:0,BONE:51,NAME:右腕捩3
INIT_POS:-2.769,14.351,0.438
INIT_ROT:0.053,0.219,0.369,0.901
WORLD_MAT:0.631,0.690,-0.356,0.000,-0.643,0.721,0.258,0.000,0.435,0.066,0.898,0.000,-1.352,13.242,2.374,1.000
PARENT_MAT:0.614,0.687,-0.389,0.000,-0.617,0.725,0.306,0.000,0.492,0.053,0.869,0.000,-1.076,15.123,2.080,1.000
LOCAL_TRANS:-1.576,-1.104,0.020
VMD_POS_TEMP:1.193,-15.455,-0.418
VMD_POS:0.000,0.000,0.000
VMD_ROT:-0.027,-0.019,0.000,0.999
FINAL_POS:0.000,0.000,0.000
FINAL_ROT:-0.027,-0.019,0.000,0.999

====== DEBUGGING '右ひじ' (BONE 52) at FRAME 0 ======
DEBUG: Is in bone_name_map? Yes
DEBUG: Name in map: '右ひじ', Name from Exp: '右ひじ'
DEBUG: Map name matches Exp name? Yes
DEBUG: Is IK effector (ik_frame_bone_map)? No
DEBUG: Is physics bone (physics_bone_map)? No
DEBUG: Is IK bone (ik_bone_map)? No
DEBUG: Is Fuyo bone (fuyo_bone_map)? No
DEBUG: Current export_mode: 2
FRAME:0,BONE:52,NAME:右ひじ
INIT_POS:-3.304,13.977,0.491
INIT_ROT:0.054,0.156,0.373,0.913
WORLD_MAT:0.673,0.698,-0.245,0.000,-0.664,0.716,0.216,0.000,0.326,0.018,0.945,0.000,-1.428,12.607,2.517,1.000
PARENT_MAT:0.636,0.691,-0.344,0.000,-0.650,0.720,0.242,0.000,0.415,0.070,0.907,0.000,-1.298,13.612,2.316,1.000
LOCAL_TRANS:-0.845,-0.590,0.058
VMD_POS_TEMP:2.458,-14.567,-0.434
VMD_POS:-0.001,0.001,0.000
VMD_ROT:-0.015,-0.053,0.002,0.998
FINAL_POS:-0.001,0.001,0.000
FINAL_ROT:-0.015,-0.053,0.002,0.998

====== DEBUGGING '右手捩' (BONE 53) at FRAME 0 ======
DEBUG: Is in bone_name_map? Yes
DEBUG: Name in map: '右手捩', Name from Exp: '右手捩'
DEBUG: Map name matches Exp name? Yes
DEBUG: Is IK effector (ik_frame_bone_map)? No
DEBUG: Is physics bone (physics_bone_map)? No
DEBUG: Is IK bone (ik_bone_map)? No
DEBUG: Is Fuyo bone (fuyo_bone_map)? No
DEBUG: Current export_mode: 2
====== DEBUGGING '右手捩1' (BONE 54) at FRAME 0 ======
DEBUG: Is in bone_name_map? Yes
DEBUG: Name in map: '右手捩1', Name from Exp: '右手捩1'
DEBUG: Map name matches Exp name? Yes
DEBUG: Is IK effector (ik_frame_bone_map)? No
DEBUG: Is physics bone (physics_bone_map)? No
DEBUG: Is IK bone (ik_bone_map)? No
DEBUG: Is Fuyo bone (fuyo_bone_map)? Yes
DEBUG: Current export_mode: 2
FRAME:0,BONE:54,NAME:右手捩1
INIT_POS:-3.955,13.521,0.514
INIT_ROT:0.054,0.156,0.373,0.913
WORLD_MAT:0.673,0.698,-0.245,0.000,-0.664,0.716,0.216,0.000,0.326,0.018,0.945,0.000,-1.556,11.827,2.599,1.000
PARENT_MAT:0.673,0.698,-0.245,0.000,-0.664,0.716,0.216,0.000,0.326,0.018,0.945,0.000,-1.428,12.607,2.517,1.000
LOCAL_TRANS:-0.651,-0.456,0.023
VMD_POS_TEMP:3.304,-13.977,-0.491
VMD_POS:0.000,0.000,-0.000
VMD_ROT:-0.000,-0.000,0.000,1.000
FINAL_POS:0.000,0.000,-0.000
FINAL_ROT:-0.000,-0.000,0.000,1.000

====== DEBUGGING '右手捩2' (BONE 55) at FRAME 0 ======
DEBUG: Is in bone_name_map? Yes
DEBUG: Name in map: '右手捩2', Name from Exp: '右手捩2'
DEBUG: Map name matches Exp name? Yes
DEBUG: Is IK effector (ik_frame_bone_map)? No
DEBUG: Is physics bone (physics_bone_map)? No
DEBUG: Is IK bone (ik_bone_map)? No
DEBUG: Is Fuyo bone (fuyo_bone_map)? Yes
DEBUG: Current export_mode: 2
FRAME:0,BONE:55,NAME:右手捩2
INIT_POS:-4.528,13.119,0.534
INIT_ROT:0.054,0.156,0.373,0.913
WORLD_MAT:0.673,0.698,-0.245,0.000,-0.664,0.716,0.215,0.000,0.326,0.018,0.945,0.000,-1.668,11.139,2.672,1.000
PARENT_MAT:0.673,0.698,-0.245,0.000,-0.664,0.716,0.216,0.000,0.326,0.018,0.945,0.000,-1.428,12.607,2.517,1.000
LOCAL_TRANS:-1.225,-0.858,0.043
VMD_POS_TEMP:3.304,-13.977,-0.491
VMD_POS:-0.000,0.000,-0.000
VMD_ROT:-0.000,-0.000,0.000,1.000
FINAL_POS:-0.000,0.000,-0.000
FINAL_ROT:-0.000,-0.000,0.000,1.000

====== DEBUGGING '右手捩3' (BONE 56) at FRAME 0 ======
DEBUG: Is in bone_name_map? Yes
DEBUG: Name in map: '右手捩3', Name from Exp: '右手捩3'
DEBUG: Map name matches Exp name? Yes
DEBUG: Is IK effector (ik_frame_bone_map)? No
DEBUG: Is physics bone (physics_bone_map)? No
DEBUG: Is IK bone (ik_bone_map)? No
